39287
27750
51623
78625
59339
48348
10641
52645
51023
11689
60393
61858
38657
66741
22381
35922
26063
93855
85552
45423
33619
58388
49175
90402
14881
56619
87447
54525
29297
64759
94904
29053
94462
25990
69169
89510
42487
92476
26805
89200
50429
49608
18874
55323
57082
63608
23416
87190
45404
23114
41506
61382
77619
51978
77884
80898
78574
61220
73743
12720
60899
56114
33348
86263
16783
41340
67395
22667
97571
32869
93433
33585
77049
96351
94992
84009
49514
93850
43319
51272
43203
10257
19120
16183
33252
43522
51432
52483
48104
88269
20936
81266
28732
24085
38300
94313
26260
32609
48540
25741
96211
10748
89617
22534
29679
17920
84331
81267
56984
93873
41384
84722
27900
32470
69516
60641
46994
27164
63010
73260
89907
24911
74561
19301
21933
22167
14852
62964
68051
10678
67748
26904
55310
27578
55060
42454
20638
96584
86502
25331
59190
70164
95497
54229
56885
36212
63366
96261
54567
77657
57319
99095
69597
75278
35833
81299
36186
80316
10601
17512
13067
31367
23215
56305
36125
24479
39412
10321
77409
37061
50003
50408
40661
47679
24070
29743
29413
30331
62414
85719
58799
18590
18396
90392
53358
68652
57305
80030
91744
73759
16268
40321
95982
78989
22263
37823
56948
49192
28104
42405
96798
63045
28851
27506
37654
16911
68433
31918
61208
16090
61886
15854
27901
24881
58712
94476
22970
32822
12947
67472
67172
59381
18576
13650
30793
19681
54424
61670
35415
86245
72793
80219
12227
30008
88919
95753
89738
90889
62737
46447
10218
35387
28821
85654
21872
10414
22419
81101
30277
27786
24852
34126
46244
60630
75232
47417
54468
25200
96711
27972
62485
16763
96502
74961
43295
81665
13626
97891
35961
62958
14737
32080
70083
66499
67253
41785
40560
32920
91776
30379
97260
73322
41392
17628
71393
48667
43975
51595
54775
51501
51284
74537
94176
44765
83960
93454
38884
53858
52358
40206
96786
24527
55140
67318
23049
92771
64041
79744
93375
43446
16856
31547
33423
76331
30710
89162
75369
88873
13568
94627
47690
62029
53115
84458
21673
40198
37902
35318
82538
73798
12901
86701
80561
61570
33592
82733
28181
74073
94578
78621
84624
64229
58218
21329
44645
29736
51114
27845
24054
94796
28084
50009
50289
57730
92514
44756
71410
70680
55644
82849
64868
38723
97205
29577
40544
30154
50985
71852
52739
47976
70980
11295
94293
34946
20002
83460
13810
41786
49813
91936
89083
20057
21264
87740
55714
62890
46411
32830
69055
88834
21323
57499
28429
21728
23752
55900
67023
38641
80783
24490
78749
79261
75104
76077
33815
26788
55715
25343
47727
19054
40945
39624
30867
63706
93765
54811
27459
19464
73861
77652
83742
28154
12797
63904
36652
23481
82865
82564
21193
64101
26436
75168
61001
35322
23187
19822
44952
45185
63924
38925
17175
31067
85102
60000
57889
81697
36632
64721
27962
68940
38440
57558
64778
13130
40746
60594
76463
21200
49424
20334
43922
73149
14150
83625
92616
65776
78622
95543
50519
83942
19859
82272
55539
44936
70477
62674
43051
52795
16015
54954
86847
28143
64602
52251
35660
68877
20389
57870
94574
62591
43357
33752
95760
53589
95001
44025
26917
11476
67383
92111
13075
41087
24202
44018
59081
56167
12019
29841
42652
78070
27542
33668
15184
94469
33485
25778
18546
61897
57964
33738
55387
30751
10968
87927
50585
86106
86510
11949
49934
36451
45757
41575
85410
23902
51878
55760
13941
30583
93169
79492
66858
90546
25217
26504
45048
19689
28567
11291
30104
79222
35478
65018
53510
43644
46724
82322
40118
36274
93432
72974
69655
10069
79906
16201
42312
85966
48256
91281
52590
77724
21837
87962
68727
78471
66879
64839
15534
84463
52878
40896
67538
85219
81844
70710
10973
80738
88063
51766
77177
69554
25642
77666
37150
30194
19837
66788
20639
19016
84190
59081
71431
37284
58700
52378
67385
47515
96290
75038
76764
81883
76788
55653
83394
62536
15435
84434
28224
19196
15227
61573
97902
96489
24104
83035
62081
44170
60812
48532
68634
10090
54200
96516
10273
93795
69463
40254
36519
39465
13325
63456
84447
23025
75000
95292
92765
69988
94270
74612
24759
35401
48564
11443
13788
32616
61178
74941
23180
75664
90296
33214
86701
57757
16403
76674
37683
80270
55379
89597
93071
75180
57915
88757
15870
51769
77124
84876
31488
28811
90269
92092
49898
86198
33772
43233
61524
52756
92728
77656
42617
94521
27073
60854
49167
80109
76754
36689
16621
98325
67608
22494
24608
14672
81540
49578
77484
59806
95572
62017
55490
76300
53453
94368
85394
98203
83315
10503
33984
73169
25149
84926
87541
77722
56980
98549
58106
97060
49589
35760
75014
50435
78255
33161
61201
77774
77483
45226
14658
84193
65747
11718
57183
40710
32165
66316
51068
32704
75459
50963
96793
76250
12705
43450
83176
82681
34951
46885
57691
82989
91471
80422
20216
69812
87002
15055
98043
30291
43166
17619
30720
48089
95844
49790
17421
23431
37742
56831
55556
90663
57481
35401
31601
98625
38965
98763
47730
44804
49984
78519
52823
40597
87533
31667
92721
85324
91500
87370
53707
27109
68271
30776
