92269
50238
40442
19318
90278
51656
12918
88937
97031
60872
89496
17878
83928
77283
39957
65835
88642
12919
55807
41314
39230
83536
20303
44975
60070
80923
71585
74154
89750
76515
69497
90913
68280
95346
97873
15011
38621
21092
40548
70098
95388
37483
31158
46130
51841
58742
73922
73485
54746
61851
45023
44628
35594
36441
81949
27264
85753
23881
11225
88895
12632
45748
83308
16437
43691
43284
17133
86144
55244
93661
85766
78452
83350
55926
58932
79573
64876
19350
37826
46647
27759
19570
72506
26134
70912
73380
32454
45702
95793
31348
46419
18364
33682
78505
68538
13851
94953
87289
73904
56276
49214
63654
48261
69064
58110
46781
43279
27764
75782
65203
81034
48929
15492
27302
38691
38520
34789
52128
17168
86468
35713
37277
25624
84931
81014
54156
36934
56602
72133
17414
28064
65920
49778
54497
93189
70502
73331
43368
46747
72235
81045
41273
78226
77545
28982
15081
70401
14131
33029
94243
88010
77107
94935
70664
14391
10953
90309
45919
89469
34913
63768
15148
73697
18568
44028
78677
28997
61183
79625
36986
19613
73143
54179
41972
92842
80281
18604
57629
42110
32235
56554
66250
42538
44115
18506
32046
92254
56675
39360
32662
81041
53997
74218
30532
11606
39213
17068
70176
57747
48205
57531
34658
58012
78423
81516
44204
53035
84954
12667
32714
19703
68810
32818
73323
95520
23027
61326
32494
82111
10631
95112
83214
27667
34768
83519
81781
64321
55381
14681
29405
17934
78687
82992
49376
54575
45433
70497
12923
80111
81379
98522
22027
96732
38809
79723
75463
43009
81006
74879
35108
22108
92545
63202
23169
86179
57056
39738
37405
93609
30650
48493
10630
89811
93607
55339
22846
91564
35112
20468
29190
29481
15827
66165
14548
73180
40942
62035
66186
68915
91929
56458
59010
30029
78729
30003
24194
16429
95316
53826
50821
10482
40679
23639
41907
83212
74140
77761
40730
46502
68621
45962
80729
44107
77994
64339
82416
56717
84949
70302
93698
44075
73977
90896
45837
10175
69986
37160
45834
15977
46847
76969
27481
27710
11734
48931
67516
97871
30494
50292
30389
30316
96503
62499
54984
50450
20458
19140
39296
96464
21376
22266
34582
17827
99722
44795
18738
12754
22007
48637
19821
47295
52500
50445
14483
34828
21710
49524
92886
36248
13250
95284
21134
37964
80326
34871
24675
86915
30645
65116
21253
19250
33850
96782
19975
12083
48714
93253
83868
75759
18277
30254
56878
87460
29891
77978
72698
75647
83658
32078
82034
38849
57200
15386
66961
71574
96838
67935
15857
24801
95292
98877
10115
98370
73854
20236
74255
17899
12569
99092
94379
89361
25469
51728
46028
40352
39118
80587
81380
38266
41812
12429
57493
42049
57684
34026
11801
16078
14614
69905
68471
31746
17410
75192
99347
34850
38003
85455
46216
14550
92560
94588
56916
42787
31349
51217
86399
31356
40969
13943
15296
87574
30113
55752
42741
78415
29427
28387
87263
77345
93209
68141
49409
67678
85743
55596
62417
31201
57820
33129
12757
11099
39701
65698
20612
23707
25173
72357
41532
94553
37638
18222
64335
40272
53234
69230
27139
59526
27878
44884
92879
72820
74808
97443
28063
33255
56737
99496
23668
87684
92009
25722
75056
20472
87335
28793
78582
60122
90591
73806
16186
62418
55937
50459
55633
22369
40106
67214
43357
31297
93049
27145
38843
94652
98376
20837
44386
30821
48999
87767
71684
41067
81234
23893
87258
56029
96227
39879
31916
74744
71044
31286
45647
18022
63010
79399
68192
69205
99943
98897
87308
91801
35851
16489
91264
25336
16305
92872
79446
17847
20261
18863
75162
75882
35391
85408
37654
60637
72144
46331
66173
41881
67668
62118
77531
49726
84541
32855
79994
17950
80768
18474
60582
61592
56933
14905
89902
65845
83572
15406
48487
22882
76841
57416
61279
88193
53386
56558
92362
38241
75949
31120
10375
76825
59690
32270
66095
28376
75475
37554
87629
52619
50437
87811
95371
76525
38019
50529
78415
26260
49383
85902
86479
23996
85611
65343
76562
61845
95409
96074
31510
27939
66187
89543
58505
97737
87332
85896
89041
37005
83223
51502
68406
11584
80167
71608
91909
33081
25745
85623
47106
78914
71324
28213
46182
29733
28453
55446
70258
17234
47707
51545
57918
10550
34174
78447
73496
50028
97209
27373
36821
13028
73382
58824
54975
67576
50559
65070
88395
46188
18002
37055
58162
94018
32015
95877
98694
92554
19227
37518
70202
72560
79867
28330
98275
17689
71580
97964
83726
63244
80232
75849
44448
42939
47941
17130
52447
80203
20124
84067
23433
29543
42766
89274
33404
77803
48258
37909
96518
74783
73232
66943
21186
77588
34582
80979
26830
83341
10524
95734
82016
90455
52007
22276
45801
49508
95998
97359
68014
50956
76309
37806
60957
18433
79443
39795
14524
93148
12686
67089
39110
67061
79170
45807
95829
79911
99932
17145
91562
37929
76158
33636
27119
20138
55732
28960
70428
41479
16974
46138
73064
60717
29022
83991
37667
65061
92702
17168
85837
22720
57916
50753
20939
19287
63606
86491
37946
93705
64160
34003
12873
44889
31754
77015
47720
80558
97605
11592
22859
25767
46322
10634
77804
49773
26657
16496
12959
66365
88816
51467
49517
74608
53198
74087
22045
24066
27936
87785
58415
70994
32943
27164
84762
79743
56294
86415
38922
96657
14717
33798
24407
32157
73742
35908
48379
70323
24619
25524
31354
64342
14499
27260
23349
50453
23566
35916
81093
82658
77842
53484
43550
75405
89172
92091
48506
61667
24558
31801
91250
29439
85456
94176
57478
70498
53894
34765
26489
21487
86353
40277
87436
28869
38242
19093
70968
76090
51489
76994
40931
73428
35266
73495
45968
28429
65223
58016
58851
97569
69709
69292
42136
87851
42409
25835
82377
20401
79612
50114
91508
36818
76862
84121
23277
23026
44154
19465
34605
94677
21018
40799
36646
12786
62860
57439
77957
18183
57738
34357
52681
28658
88385
10387
39919
53172
87756
48441
86612
83441
27613
89816
75107
84312
98742
22253
78373
30917
48298
49308
20329
12334
14442
36817
16121
68640
50961
30756
17349
90669
64893
79631
40209
79515
78283
73697
50338
65895
41179
82753
66706
87846
36715
74040
18368
38915
50699
51865
22073
77996
97529
20967
95795
46273
11432
36342
93094
56341
17046
93307
75882
63530
96182
72871
58656
89669
48251
39170
15523
85112
40256
77668
32499
75702
18545
75116
21408
47535
18578
44813
18514
13885
10832
73675
10486
15437
60698
30759
22708
37132
77696
40480
30079
82316